{"target": "view_count", "rows": [{"feature": "channel_follower_count", "label": "Channel reach (subscribers)", "help": "How many subscribers the uploading channel has - a proxy for built-in reach.", "spearman": 0.452, "partial_spearman": 0.452, "p_value": 0.0, "ci_low": 0.262, "ci_high": 0.622}, {"feature": "duration_min", "label": "Duration (minutes)", "help": "Track length in minutes. The data peaks near the 3-minute radio-single norm.", "spearman": 0.307, "partial_spearman": 0.235, "p_value": 0.0019, "ci_low": 0.124, "ci_high": 0.477}, {"feature": "description_len", "label": "Description length (characters)", "help": "Character length of the video description.", "spearman": 0.274, "partial_spearman": 0.299, "p_value": 0.0059, "ci_low": 0.071, "ci_high": 0.459}, {"feature": "is_official", "label": "Official video", "help": "1 if the title/tags mark it an official video, else 0.", "spearman": 0.12, "partial_spearman": 0.162, "p_value": 0.2329, "ci_low": -0.056, "ci_high": 0.316}, {"feature": "tag_count", "label": "Tag count", "help": "How many YouTube tags the upload declared.", "spearman": 0.092, "partial_spearman": 0.091, "p_value": 0.362, "ci_low": -0.096, "ci_high": 0.306}, {"feature": "title_word_count", "label": "Title length (words)", "help": "Number of words in the video title.", "spearman": -0.023, "partial_spearman": -0.031, "p_value": 0.8238, "ci_low": -0.225, "ci_high": 0.189}, {"feature": "title_char_count", "label": "Title length (characters)", "help": "Number of characters in the video title.", "spearman": -0.006, "partial_spearman": -0.021, "p_value": 0.9522, "ci_low": -0.198, "ci_high": 0.2}], "heatmap": {"labels": ["Views", "Duration (minutes)", "Channel reach (subscribers)", "Title length (words)", "Title length (characters)", "Tag count", "Description length (characters)", "Official video"], "matrix": [[1.0, 0.307, 0.452, -0.023, -0.006, 0.092, 0.274, 0.12], [0.307, 1.0, 0.226, -0.148, -0.119, -0.016, -0.067, 0.108], [0.452, 0.226, 1.0, 0.01, 0.029, 0.024, 0.016, -0.053], [-0.023, -0.148, 0.01, 1.0, 0.887, 0.043, 0.253, 0.028], [-0.006, -0.119, 0.029, 0.887, 1.0, -0.004, 0.23, -0.087], [0.092, -0.016, 0.024, 0.043, -0.004, 1.0, 0.15, 0.21], [0.274, -0.067, 0.016, 0.253, 0.23, 0.15, 1.0, 0.171], [0.12, 0.108, -0.053, 0.028, -0.087, 0.21, 0.171, 1.0]]}}